% MAGOG					
% QUEBEC					
% Latitude:	45° 16' N	Longitude:	72° 7' W	Elevation:	274.00 m
% Climate ID:	7024440	WMO ID:		TC ID:	
% Moyennes des températures journalières (°C)
% Mois de novembre 1995 à 2004
1.8 % 1995
6.3 %
9.3
0
0
3
3.5
0.5
-7.8
-3
7.3
-2.3
-5.5
0
3
1
-3.5
-5.3
-1.3
0.3
3
-2.5
-3
-6.5
-7.5
-1.5
-1.5
-0.5
-9.8
-10.3
1.8 % 1996
1
-3.5
-0.5
2
6
11.3
14.5
10.8
2
1.5
-1.5
-6
-8.8
-10.3
-7
0
-1
-0.5
-3
-3.3
-2
-2
-13.5
-7.5
-5.3
-9
-7.5
-5.3
-1
12 % 1997
15.3
8.5
8.8
5
5.5
3.3
5
3.5
3.3
0
-2.3
-6.5
-7.8
-4.3
-4.5
-3.5
-6.3
-2.5
-0.8
-0.8
-5
-4
-4
-3.5
0
-7.5
-7.5
-3
-5
4 % 1998
2.5
1
-0.5
0.3
1
1
0.5
-0.5
0.5
7
5
-2
0.5
3.5
-2.8
-3
-5.5
1.5
3.5
1
0.5
7.5
4.3
0
0.5
0.3
1.5
0.5
3.5
8 % 1999
11.5
12.8
3.3
5
3.5
0.5
-2.5
1.5
4.5
-4.5
-2.5
1
3.8
-1.8
-3.3
-4.5
-1
3
7.3
7.5
10
9
9
1.5
5
5.8
2.3
-1
-6.3
3.3 % 2000
5
6.5
8.8
3.8
3.5
5.8
4.8
7.3
7.8
6.5
3
4.5
6.8
1.8
2
3
-2
-1.5
-0.8
-3
-5.5
-9.3
-11
-7.5
-0.8
2
1.8
1.8
0.5
6.5 % 2001
15.3
10
5.3
3
3.5
5
1
0.3
0
-2.5
-2.8
-0.8
3.5
9.5
6.5
-0.8
5.3
10.5
-1
-1.3
1.8
2.8
7
11.5
9.3
1.8
-2
0.3
7
-1.5 % 2002
-6.5
-5.8
-3.5
-1
-0.5
-6
-0.8
9
12.3
15.5
5.5
3.8
2.8
2.3
-5.5
-2.5
-3.5
-1.5
1.8
2.3
3.8
-2
-2
-2
-2.3
-7
-9.3
-6
0.5
14 % 2003
2.8
6.3
0.5
3.5
3.5
3
-5.6
-5
0.3
1.8
4.5
3.8
-6
-5.3
-5.5
-5.3
-0.3
9.5
3.5
4
1.5
2
7.8
-0.8
-1.3
1.5
6
-1
-1
4.8 % 2004
4.8
2
1
1
3.5
6
-1
-5
-4.3
1.8
-4.8
-5.8
-4
2.8
2.3
1
5.3
5
-1.3
2.8
3.8
3
7.8
6.5
-5.3
-3.3
4.8
-1
-1
