% Janvier 2008,  Station(Sherbrooke A), latitude(45.43), longitude(-71.68), altitude(241.40 m)
% Température °C, une rangée = 1 jour, les colonnes = de 1h à 24h
%   1h    2h    3h    4h    5h    6h    7h    8h    9h   10h   11h   12h   13h   14h   15h   16h   17h   18h   19h   20h   21h   22h   23h   24h
  -5.4  -5.8  -5.4  -5.0  -5.2  -6.0  -6.1  -5.5  -4.9  -4.0  -3.3  -2.6  -3.1  -3.4  -3.3  -3.4  -3.3  -3.5  -3.6  -3.8  -4.0  -4.4  -4.4  -4.5
  -4.4  -4.8  -5.6  -6.4  -8.2  -9.3 -10.2 -14.0 -15.3 -16.6 -17.8 -18.0 -17.6 -17.8 -18.4 -18.6 -20.7 -19.8 -20.4 -19.6 -20.0 -20.4 -21.8 -21.3
 -22.6 -22.9 -22.7 -24.5 -24.9 -23.9 -25.1 -25.5 -23.9 -22.4 -21.9 -21.3 -20.6 -20.0 -19.7 -19.8 -23.9 -24.3 -27.0 -28.8 -27.7 -27.4 -26.7 -27.4
 -25.0 -23.5 -21.5 -20.3 -19.1 -18.4 -17.0 -15.9 -13.7 -10.2  -8.8  -8.1  -7.3  -6.8  -6.4  -6.0  -6.0  -5.8  -5.7  -5.5  -5.3  -5.2  -5.0  -5.2
  -4.8  -4.6  -4.4  -4.4  -4.8  -4.1  -3.8  -3.8  -3.8  -3.2  -2.4  -1.7  -1.2  -1.1  -1.3  -1.3  -1.4  -2.1  -1.6  -1.9  -2.4  -2.2  -2.3  -2.1
  -2.3  -2.4  -2.4  -2.1  -1.6  -1.3  -1.2  -0.4   0.2   0.6   1.0   1.5   1.6   1.9   2.3   1.0   0.9   1.3   0.6   2.0   2.3   0.9   1.8   1.6
   1.4   2.5   2.5   1.6   1.1   1.9   1.9   1.6   3.3   2.6   3.8   4.8   4.4   3.3   4.0   4.5   6.0   6.7   6.5   6.9   4.4   3.7   4.8   5.2
   4.5   4.5   3.8   7.2   6.3   8.6   8.4   8.8   8.9   8.5   9.5   9.0   8.5   7.8   7.3   5.5   4.8   4.6   4.4   5.3   3.4   5.8   5.6   5.4
   9.8   7.4   9.7   6.5   6.7   8.0  11.6  11.2  10.4  10.5  11.3   9.0   8.2   6.9   5.8   5.8   4.9   4.2   3.8   3.9   3.6   3.5   3.3   3.1
   2.6   2.5   2.1   1.6   1.3   0.8   0.9   0.7   0.6   0.7   0.9   0.6   0.5   0.2  -0.2  -0.5  -1.1  -2.0  -2.0  -2.7  -4.3  -4.2  -3.3  -4.2
  -4.2  -3.7  -3.4  -2.9  -2.7  -2.9  -2.2  -1.3   0.2   0.4   0.8   0.9   1.6   1.7   1.9   1.9   2.0   2.3   2.2   2.3   2.3   2.5   3.1   3.4
   3.2   3.4   3.6   2.6   2.2   2.2   2.2   2.5   2.3   2.5   2.0   1.3   1.3   1.0   0.9   0.5  -0.2  -1.6  -1.6  -2.1  -2.4  -2.3  -2.2  -2.8
  -3.5  -5.1  -6.6  -9.5  -9.0  -9.3 -11.4 -11.2  -8.0  -7.5  -6.0  -3.3  -1.8  -2.2  -2.4  -2.9  -3.8  -4.5  -5.4  -5.0  -5.5  -5.4  -4.9  -5.0
  -4.6  -4.5  -4.7  -5.1  -5.1  -4.9  -5.0  -5.0  -5.2  -5.9  -5.7  -6.1  -6.7  -6.8  -7.0  -7.1  -7.6  -7.9  -7.9  -8.1  -8.2  -8.2  -8.3  -8.4
  -8.7  -9.7  -9.0  -9.0  -9.7 -10.6 -11.7 -10.5  -9.7  -9.1  -8.3  -8.0  -7.7  -7.8  -8.1  -8.9  -9.5  -8.8  -9.0  -9.6  -9.5  -9.7 -11.4 -11.3
 -11.8 -11.3 -11.4 -11.3 -11.4 -11.0 -11.1 -11.1 -10.8 -10.6 -10.3  -9.7  -9.4  -8.9  -8.6  -9.4 -11.4 -13.9 -15.5 -15.6 -15.3 -17.0 -17.6 -18.8
 -17.8 -19.3 -19.3 -18.4 -18.7 -18.4 -20.6 -19.8 -17.1 -14.4 -11.5  -8.2  -5.9  -4.6  -4.5  -4.7  -3.6  -3.8  -3.8  -5.3  -3.6  -3.0  -3.2  -3.1
  -3.6  -3.6  -3.6  -3.6  -3.0  -2.4  -1.2  -0.3   0.1  -0.6  -0.1   1.2   1.2   0.8  -0.5  -2.0  -2.9  -3.1  -3.8  -3.8  -4.3  -4.0  -4.4  -4.7
  -5.4  -5.7  -6.3  -8.1  -8.5  -9.4  -9.5 -12.3  -7.0  -4.9  -3.6  -3.4  -3.0  -3.0  -3.3  -3.8  -3.8  -4.7  -5.0  -5.7  -7.6  -8.4  -9.0  -9.7
 -10.3 -11.1 -11.9 -14.5 -17.3 -18.1 -19.2 -21.0 -19.9 -18.3 -17.7 -17.2 -16.6 -15.7 -15.8 -16.5 -18.0 -19.6 -21.1 -22.9 -22.1 -17.6 -18.4 -19.7
 -21.1 -22.2 -23.8 -24.1 -25.0 -24.9 -25.2 -28.3 -24.4 -20.4 -17.6 -15.6 -15.0 -14.1 -13.4 -13.1 -13.6 -15.7 -15.9 -16.4 -17.7 -18.7 -20.5 -19.1
 -18.3 -16.9 -16.2 -15.1 -11.7 -11.2 -10.6 -10.6 -10.2  -9.0  -8.1  -7.1  -5.7  -5.1  -6.3  -6.1  -6.1  -7.8  -7.9  -4.9  -4.1  -3.5  -4.3  -4.1
  -4.3  -6.0  -7.1  -8.4  -9.6 -10.8 -10.7 -10.4  -9.1  -7.5  -6.6  -6.1  -7.0  -6.8  -7.2  -7.9  -8.7  -9.5 -10.6 -11.3 -13.7 -16.1 -18.5 -19.8
 -21.2 -19.5 -21.7 -21.2 -20.4 -21.3 -21.5 -21.5 -20.0 -17.4 -13.9 -14.0 -12.6 -12.4 -12.0 -13.1 -16.2 -18.1 -18.0 -19.1 -21.2 -22.1 -25.6 -25.5
 -25.3 -26.4 -27.0 -27.6 -28.2 -29.2 -26.5 -28.1 -21.0 -16.4 -13.6 -11.7 -10.6 -10.6  -9.7  -9.0  -8.7  -8.5  -7.9  -8.1  -7.9  -8.0  -8.2  -9.1
  -9.7  -9.5 -10.3 -10.3 -10.3 -10.4 -10.7 -11.1 -11.5 -10.4  -9.5  -8.7  -7.9  -7.2  -7.7  -7.8 -12.4 -13.8 -14.6 -15.2 -15.6 -16.7 -16.2 -16.6
 -18.0 -19.1 -17.6 -17.1 -16.7 -16.6 -16.6 -15.4 -13.4 -11.6  -7.7  -4.5  -3.3  -2.9  -2.5  -2.6  -2.8  -4.3  -6.8  -8.6 -11.4 -12.7 -12.6 -15.6
 -14.9 -14.3 -16.9 -16.3 -19.1 -18.5 -18.8 -20.0 -15.9 -12.5  -8.3  -6.3  -5.3  -4.3  -4.6  -4.5  -6.1  -7.3  -8.7 -12.8 -13.9 -15.2 -16.3 -17.3
 -17.3 -18.9 -16.8 -18.7 -17.5 -17.5 -17.1 -17.0 -14.5 -12.0  -8.3  -5.8  -4.0  -3.3  -3.3  -2.8  -2.6  -2.4  -2.2  -2.2  -2.2  -2.1  -2.6  -1.9
  -1.3  -0.4   1.0   2.4   2.2   3.1   3.5   3.1   3.8   4.9   4.2   3.5  -0.7  -2.7  -4.3  -4.6  -5.4  -5.7  -6.5  -6.8  -7.0  -8.1  -9.2 -10.0
 -10.3 -10.2 -10.6 -10.7 -11.1 -11.3 -11.4 -11.1  -9.7  -9.3  -8.5  -8.0  -7.3  -7.1  -7.1  -7.2  -8.5 -11.9 -12.4 -14.3 -15.8 -16.2 -15.2 -17.4
