% Janvier 2008,  Station(Sherbrooke A), latitude(45.43), longitude(-71.68), altitude(241.40 m)
% Vents en km/h, une rangée = 1 jour, colonnes = de 1h à 24h
% 1h  2h  3h  4h  5h  6h  7h  8h  9h 10h 11h 12h 13h 14h 15h 16h 17h 18h 19h 20h 21h 22h 23h 24h
   0   6   6   6   4   0   6   9   7   6   9  17  11  13  11  11  13  11  15  15  15  17  15  20
  11  15  15  13  11  11   7  15  20  24  26  20  20  17  17  15   9   9   6   6   9  17  15  15
  13   9  17  11  11   9  13   9  15  11   7  19  11  13   6   6   4   0   6   0   6   6   4   0
   7   0   0   0   0   4   0   0   4  15   7  13  11  13   9  11  11   9  11  11   7   9   9   6
   6   9   7   7   4   4   4   6   0   6  11  11   9   9   7   6   6   0   6   0   6   0   4   4
   0   0   0   0   0   0   0   4   4   4   4   0   0   4   0   0   0   0   4   6   7   4   0   0
   4   9   6   4   0   6   0   0   6   0   0   6   4   0   0   0   4   6   6   4   0   0  11   6
   7   4   0   4   4  11   6   7   6   7   9   6   6   0   0   4   4   4   4   4   6   4   4   0
   7   4   9   6   6   6  15  20  19  17  26   9  22  35  20  30  43  28  41  43  43  46  46  48
  37  44  39  32  48  24  28  32  26  35  22  22  19  20  22  22   7   6   7   6   7   4   6   6
   7   9   6   7   7   7  11   9  19  19  28  20  20  20   7   4  11   4   0   6   7   4  11  19
  13  15  20  17  11  13  17  22  17  22  24  24  22  20  15  17  11  11  17  13  15  15  11  19
   9   6   7   0   6   6   6   0   0   4   6   0   0   4   6   4   4   6   9  11  13   7  13  15
  11   9  13  13  13  11  11   9   7  11  13  17  17  11  11  11  11  11  13  15  13   9   9   9
   4   0   7   6   6   7   7   4   0   7  11  11  15  15  11  13   9   6   4   4   7  11   4   7
   6   9   6   9   0   9   6   6   7   9  15   7   9  13   9   9   0   0   0   6   7   0   0   0
   4   0   4   9   0   4   4   0   7   6   4   0   0   0   0   6   7   7   7   0   9  11  13   9
   9   9  13   9   9   6   6   6  13  13   9   9  13  30  32  33  24  15  22  19  15  24  28  19
  19  15  17   6   9   7   0   6  11  15  15  15  11  15  11   7   9   4   7  22   9   7   9  11
   6  11  15   0   9   9  17   9   7  11  17  15  19  15  15  11   4   7   7   0   0  13  19  20
  11  17  15   7   9   9   9   4   4   6  13  22  37  30  22  22  20   7   7   7   6   4   6   7
   0   4   0   4   6   4  11   6   6   9   6   4  15  19  22  15   4   0   6   9  13  11   7   7
  19  26  24  17  15   6   4   4   4  13  17  17  24  20  22  17  26  24  19  17  11   6   4   0
   0   4   0   4   4   4   4   6   4   0   0   0   6   6   9   9   4   7   4   6   6   0   4   7
   4   0   0   4   0   0   0   0   7  11  13  15  15  13  15  13  11   9  24  24  19  17  15  11
   6   4   7   7  11   7   6   7  11  11   9   7   4   4   7   6   4   6   7  11  11   7  11   9
  11   7   9   7   6   6   7   6   7   6   7   6  22   9  11   7   6   4   9   9   0   4   6   7
   7   9   7   7   4   7   7   6   6   4   7   6  13  15   9   6   9   7   6   0   0   0   6   9
   6   6   9   7   7   7   7   0   6   9   9   0   0   0   9   7   9   4   0   6   7   7   6  11
   9   7   9  11   9  19  17  15  11  15   9   6  41  32  32  22  32  28  24  26  22  41  32  33
  33  35  32  24  19  22  17  15  15  30  30  26  24  30  26  22   9   4   0   0   6   7   9   0
