  0.000254        0.00
  0.001016       32.21
  0.001270       76.50
  0.002286      132.89
  0.002794      189.26
  0.003302      237.58
  0.004064      285.91
  0.004572      330.21
  0.005334      374.50
  0.005588      422.82
  0.006604      475.18
  0.006604      523.49
  0.007112      575.85
  0.007620      624.16
  0.008382      668.47
  0.008382      716.78
  0.009144      761.09
  0.009652      817.45
  0.010160      861.75
  0.010414      918.12
  0.010668      962.42
  0.011176     1010.73
  0.011430     1063.09
  0.011684     1115.45
  0.012192     1167.81
  0.012446     1224.17
  0.012446     1276.53
  0.012700     1340.94
  0.013208     1389.30
  0.013208     1445.66
  0.013716     1502.02
  0.013716     1554.38
  0.013970     1618.84
  0.013970     1667.15
  0.014478     1727.56
  0.014732     1783.92
  0.014732     1836.28
  0.014986     1892.64
  0.015494     1953.05
  0.015748     2013.46
  0.016002     2077.92
  0.016002     2146.34
  0.016510     2202.74
  0.016510     2267.16
  0.016764     2319.51
  0.017018     2379.92
  0.017018     2440.33
  0.017780     2496.70
  0.017780     2565.16
  0.018542     2621.52
  0.018796     2685.98
  0.019050     2750.39
  0.019558     2814.85
  0.019812     2883.27
  0.020574     2955.78
  0.020828     3028.24
  0.021082     3096.70
  0.021590     3165.16
  0.022098     3233.63
  0.022606     3302.09
  0.022860     3370.55
  0.023368     3447.06
  0.023368     3519.53
  0.024130     3592.04
  0.024892     3664.50
  0.025146     3732.97
  0.025908     3805.43
  0.026162     3873.89
  0.026416     3950.41
  0.027178     4026.92
  0.027432     4095.38
  0.027940     4167.89
  0.028448     4236.35
  0.028956     4304.77
  0.029464     4381.28
  0.029972     4449.79
  0.030226     4518.30
  0.030988     4598.81
  0.031242     4671.32
  0.031496     4747.84
  0.032258     4832.36
  0.032512     4904.87
  0.032766     4985.38
  0.033528     5065.90
  0.034290     5146.42
  0.034544     5222.93
  0.035560     5299.44
  0.035814     5371.95
  0.036322     5452.47
  0.036830     5516.97
  0.037338     5601.49
  0.037846     5682.01
  0.038354     5766.53
  0.038862     5843.05
  0.039370     5923.56
  0.039878     6004.08
  0.040386     6080.59
  0.040894     6169.12
  0.041148     6249.63
  0.041910     6330.15
  0.042164     6406.67
  0.042926     6483.18
  0.043180     6555.69
  0.043942     6640.21
  0.044704     6725.17
  0.045212     6805.69
  0.045720     6894.22
  0.045974     6970.73
  0.046736     7059.25
  0.047244     7139.77
  0.047752     7216.28
  0.048260     7312.82
  0.048768     7389.33
  0.049276     7477.85
  0.050038     7554.37
  0.050546     7643.34
  0.051054     7723.85
  0.051562     7812.38
  0.052070     7892.89
  0.052578     7981.42
  0.053340     8069.94
  0.054102     8154.46
  0.054610     8238.98
  0.055118     8315.50
  0.055626     8404.02
  0.056134     8480.53
  0.056642     8569.50
  0.057658     8654.02
  0.058166     8734.54
  0.058674     8815.06
  0.059690     8887.57
  0.060452     8968.09
  0.060960     9052.61
  0.061976     9133.12
  0.062992     9213.64
  0.064008     9294.16
  0.065532     9366.67
  0.066548     9443.18
  0.067818     9507.68
  0.069088     9568.18
  0.070866     9636.24
  0.072390     9684.73
  0.074930     9737.22
  0.076962     9785.27
  0.079248     9829.75
  0.081534     9882.24
  0.083820     9922.28
  0.086360     9958.76
  0.089154     9994.79
  0.091948    10027.26
  0.094996    10055.29
  0.098298    10079.31
  0.101346    10087.32
  0.104394    10111.78
  0.107442    10127.80
  0.110744    10143.81
  0.114046    10159.83
  0.117348    10167.83
  0.120904    10192.30
  0.124206    10204.31
  0.127762    10216.32
  0.131826    10220.33
  0.136652    10224.33
  0.140970    10224.33
  0.145034    10240.34
  0.149098    10248.35
  0.152908    10256.80
  0.156972    10268.81
  0.161036    10280.82
  0.165100    10284.83
  0.169164    10296.84
  0.173482    10312.85
  0.177800    10312.85
  0.181864    10312.85
  0.186182    10324.86
  0.190246    10324.86
  0.194310    10341.32
  0.198628    10345.33
  0.202692    10353.33
  0.207010    10361.34
  0.211074    10365.35
  0.214884    10369.35
  0.218694    10377.36
  0.222504    10377.36
  0.225806    10389.37
  0.230124    10397.37
  0.234188    10401.38
  0.238252    10409.83
  0.242316    10413.83
  0.246634    10421.84
  0.250698    10429.85
  0.254762    10433.85
  0.258826    10437.86
  0.262636    10441.86
  0.266446    10445.86
  0.270510    10449.87
  0.274066    10453.87
  0.277876    10461.88
  0.281940    10469.88
  0.286258    10481.89
  0.290576    10486.34
  0.294894    10486.34
  0.299212    10490.35
  0.303022    10490.35
  0.307086    10498.35
  0.310642    10498.35
  0.314452    10506.36
  0.318516    10510.37
  0.322580    10510.37
  0.325882    10518.37
  0.329946    10522.38
  0.333502    10526.38
  0.336804    10534.39
  0.341376    10542.39
  0.345186    10546.40
  0.349250    10550.40
  0.353568    10554.40
  0.357378    10546.40
  0.361188    10562.86
  0.364744    10558.41
  0.368046    10562.86
  0.371856    10570.86
  0.375920    10574.87
  0.379222    10578.87
  0.382778    10582.87
  0.386588    10586.88
  0.390144    10590.88
  0.393954    10598.89
  0.398018    10606.90
  0.402082    10614.90
  0.406146    10614.90
  0.409956    10622.91
  0.414020    10618.91
  0.417830    10618.91
  0.421386    10626.91
  0.425196    10626.91
  0.428752    10634.92
  0.432816    10639.37
  0.436118    10643.37
  0.440182    10651.38
  0.444246    10651.38
  0.448056    10659.39
  0.451612    10663.39
  0.455676    10667.40
  0.459740    10671.40
  0.463296    10671.40
  0.467106    10671.40
  0.471170    10679.41
  0.474472    10679.41
  0.477774    10687.41
  0.481584    10687.41
  0.484886    10691.42
  0.488696    10695.42
  0.491998    10699.42
  0.495554    10703.43
  0.499110    10707.43
  0.502666    10711.44
  0.506476    10711.44
  0.509778    10723.89
  0.513334    10719.89
  0.516890    10719.89
  0.520192    10723.89
  0.523494    10731.90
  0.527050    10743.91
  0.530606    10735.90
  0.534162    10747.91
  0.537972    10747.91
  0.541274    10751.92
  0.545084    10759.92
  0.548386    10759.92
  0.551942    10767.93
  0.555752    10767.93
  0.559308    10771.93
  0.563118    10775.94
  0.566420    10771.93
  0.569722    10775.94
  0.573532    10787.95
  0.576834    10783.95
  0.580136    10796.40
  0.584200    10796.40
  0.587502    10800.40
  0.590804    10800.40
  0.594614    10804.41
  0.598424    10808.41
  0.601218    10808.41
  0.604774    10816.42
  0.608330    10816.42
  0.611632    10820.42
  0.615188    10824.43
  0.618490    10824.43
  0.621538    10824.43
  0.624840    10836.44
  0.628396    10840.44
  0.632206    10844.44
  0.636016    10852.45
  0.639572    10848.45
  0.642874    10852.45
  0.646176    10852.45
  0.649986    10852.45
  0.653288    10860.46
  0.656590    10864.46
  0.660400    10864.46
  0.663448    10868.91
  0.667004    10872.91
  0.670052    10872.91
  0.673354    10876.92
  0.676910    10884.93
  0.680466    10892.93
  0.684276    10884.93
  0.687578    10900.94
  0.691388    10892.93
  0.694690    10900.94
  0.697992    10900.94
  0.701040    10896.94
  0.704596    10912.95
  0.708152    10904.94
  0.710946    10908.95
  0.714502    10916.95
  0.717804    10912.95
  0.720852    10920.96
  0.724154    10924.96
  0.727456    10928.96
  0.731266    10932.97
  0.734822    10945.42
  0.738124    10936.97
  0.741680    10940.98
  0.744982    10936.97
  0.748284    10945.42
  0.751586    10945.42
  0.754634    10949.43
  0.757936    10957.43
  0.761492    10957.43
  0.764794    10961.44
  0.768096    10961.44
  0.771398    10965.44
  0.774700    10973.45
  0.778510    10973.45
  0.782320    10977.45
  0.785622    10977.45
  0.788924    10981.46
  0.792226    10977.45
  0.796036    10985.46
  0.799084    10985.46
  0.802640    10993.47
  0.805688    10989.46
  0.808990    10997.47
  0.812800    11001.47
  0.816102    11001.47
  0.819404    11001.47
  0.822706    11005.48
  0.826262    11009.48
  0.829564    11013.49
  0.832866    11013.49
  0.836168    11017.49
  0.839470    11013.49
  0.842518    11009.48
  0.846074    11021.94
  0.848868    11017.49
  0.852424    11025.94
  0.869188    11041.96
  0.886206    11049.96
  0.902716    11065.98
  0.919734    11077.99
  0.937006    11090.00
  0.954786    11106.46
  0.972058    11106.46
  0.988822    11114.47
  1.006348    11134.48
  1.023366    11146.49
  1.040638    11146.49
  1.058418    11158.51
  1.075944    11166.51
  1.092962    11174.96
  1.111504    11182.97
  1.128522    11190.98
  1.146556    11202.99
  1.165352    11202.99
  1.183894    11219.00
  1.203452    11223.01
  1.221486    11227.01
  1.239520    11231.01
  1.258316    11243.03
  1.276604    11239.02
  1.295400    11247.03
  1.314196    11259.48
  1.333500    11263.49
  1.353566    11263.49
  1.372362    11267.49
  1.391158    11279.50
  1.411986    11275.50
  1.431544    11275.50
  1.451102    11287.51
  1.471168    11287.51
  1.490472    11283.51
  1.510792    11291.51
  1.530858    11283.51
  1.550924    11287.51
  1.572514    11291.51
  1.593342    11287.51
  1.614170    11291.51
  1.636268    11283.51
  1.656334    11283.51
  1.677924    11279.50
  1.699260    11279.50
  1.720088    11275.50
  1.742948    11275.50
  1.765046    11267.49
  1.787144    11263.49
  1.810004    11247.03
  1.831594    11243.03
  1.854454    11235.02
  1.877822    11219.00
  1.899920    11215.00
  1.924050    11206.99
  1.945640    11186.98
  1.969770    11178.97
  1.992630    11154.50
  2.015490    11146.49
  2.038350    11130.48
  2.062480    11110.46
  2.085086    11094.00
  2.109978    11069.98
  2.133600    11049.96
  2.156968    11029.94
  2.180590    11005.48
  2.203450    10985.46
  2.227580    10977.45
  2.250948    10945.42
  2.274570    10920.96
  2.299208    10900.94
  2.322830    10876.92
  2.346198    10852.45
  2.371090    10820.42
  2.394204    10796.40
  2.417826    10775.94
  2.441194    10739.91
  2.464816    10719.89
  2.488184    10691.42
  2.513330    10663.39
  2.538476    10647.38
  2.562098    10606.90
  2.585466    10574.87
  2.610612    10550.40
  2.634234    10518.37
  2.657602    10477.89
  2.681224    10445.86
  2.704592    10417.84
  2.728214    10393.37
  2.753360    10353.33
  2.776728    10320.86
  2.801874    10292.84
  2.825496    10252.80
  2.848864    10228.33
  2.872486    10192.30
  2.895854    10151.82
  2.919476    10119.79
  2.944622    10083.31
  2.966466    10043.28
  2.989834    10006.80
  3.014980     9970.77
  3.036824     9934.29
  3.061970     9886.25
  3.085592     9845.77
  3.108960     9817.74
  3.134106     9769.25
  3.157728     9729.22
  3.181096     9692.74
  3.204718     9652.70
  3.228086     9608.22
  3.251708     9564.18
  3.275076     9515.69
  3.298698     9475.21
  3.323844     9431.17
  3.347212     9382.68
  3.370834     9342.65
  3.394202     9294.16
  3.417824     9249.67
  3.442970     9193.62
  3.466338     9145.13
  3.489960     9105.10
  3.513328     9052.61
  3.536950     9004.12
  3.562096     8948.07
  3.585464     8895.58
  3.609086     8847.09
  3.634232     8786.59
  3.659378     8730.54
  3.682746     8682.05
  3.706368     8625.55
  3.729736     8569.50
  3.754882     8513.01
  3.778504     8456.51
  3.801872     8400.02
  3.827018     8339.96
  3.850640     8271.46
  3.875786     8214.96
  3.899154     8146.46
  3.924554     8081.95
  3.947922     8017.45
  3.971544     7948.94
  3.993134     7884.89
  4.018280     7828.39
  4.041902     7751.88
  4.067048     7675.36
  4.092194     7602.85
  4.115816     7530.34
  4.139184     7453.83
  4.162806     7377.32
  4.187952     7300.80
  4.213098     7212.28
  4.236466     7127.76
  4.265168     6926.24
