104
109
108
105
108
109
104
109
106
108
105
105
106
106
103
102
107
106
102
103
106
101
104
101
101
102
101
106
102
107
102
103
106
106
106
104
103
105
102
101
102
103
102
103
103
108
103
106
104
103
102
105
101
104
104
103
108
104
106
107
108
108
108
106
103
102
104
102
104
103
106
106
102
104
106
102
101
102
103
102
101
107
107
103
106
104
109
104
104
103
109
108
107
105
105
107
107
108
105
103
106
104
108
106
106
105
103
105
106
104
102
104
104
103
104
102
105
101
106
108
103
107
104
107
106
103
102
105
102
103
102
103
106
103
104
101
103
101
107
109
107
107
106
108
105
106
105
109
108
109
101
102
109
109
107
105
102
109
104
102
102
104
108
109
104
106
109
109
105
109
107
106
103
107
104
102
108
108
108
105
108
103
101
103
109
104
102
102
103
107
107
106
101
104
101
101
105
105
105
109
106
104
105
105
104
109
108
103
108
105
102
102
103
101
108
105
106
107
106
102
103
107
102
103
105
104
101
103
103
106
103
109
108
102
108
105
105
104
107
107
104
101
106
102
102
104
107