-25
-29
-55
7
33
-10
-20
8
0
-47
88
36
87
-20
-57
58
12
-35
5
-111
75
-49
-31
90
-45
-15
-20
107
15
-55
-57
114
126
108
-65
-3
-2
28
-24
-49
-17
75
152
24
-6
52
-19
122
76
-64
-30
90
33
34
-92
24
51
-28
-50
-1
-53
6
27
92
21
-23
108
60
24
50
-20
61
26
47
-53
102
36
-105
38
86
48
93
89
-45
-128
117
33
11
-14
-82
23
-72
-40
-3
55
33
-71
99
12
122
-63
-37
-36
4
-49
-48
-133
-40
25
-1
0
3
20
-20
-32
40
-15
24
-48
1
55
-43
18
-4
5
-12
-115
1
94
49
-13
-30
25
-13
-22
13
85
-141
45
-50
67
-135
-3
13
-15
-2
-81
-58
-39
32
-25
102
18
-102
-17
-29
16
-3
-7
-34
6
-77
47
-69
-30
1
25
5
114
107
48
16
-38
-18
-74
-12
-18
115
55
14
-8
15
56
144
30
62
51
43
70
86
13
-9
24
70
83
-23
65
0
-10
42
66
-24
-80
7
43
15
105
-10
58
-37
-66
50
-74
-68
-26
-79
44
-7
-68
-43
-49
6
-135
-32
-73
30
46
19
4
-148
12
-43
-6
-10
-59
45
24
-11
64
105
-56
8
-57
55
40
-21
-24
-35
66
-5
1
-66
29
171
27
-75
25
-76
19
-92
53
79
103
93
-35
37
65
-54
22
56
-67
-47
57
10
41
92
39
-37
55
0
-39
136
15
-46
48
111
46
57
16
0
62
-2
15
-22
-31
-6
-61
25
16
8
-125
-21
25
32
21
8
-86
30
2
39
46
5
30
-10
-9
-13
-47
24
84
-25
-20
53
12
102
-92
-52
-36
141
36
-17
12
-9
69
11
59
52
-4
3
18
-38
-4
5
-51
66
-58
-33
-60
74
-31
-94
59
97
50
18
-42
-35
84
79
-26
58
23
-12
-40
27
-99
-84
131
6
168
-5
20
65
-1
-21
96
-42
58
-21
55
61
-40
42
72
-53
32
8
-64
-7
0
-55
-107
-45
10
-93
86
-26
-114
17
99
13
20
8
20
63
21
55
40
18
27
-49
-47
9
31
-44
59
17
174
35
-68
33
40
-21
24
-26
11
35
81
56
-149
27
60
10
62
56
88
84
68
-89
-49
51
-48
-26
51
11
74
-70
39
-88
-77
28
2
-58
-8
-25
-44
25
-79
29
-112
42
31
55
-32
51
-54
64
-117
27
-34
-36
19
-10
68
4
71
-19
14
34
77
47
-7
-72
-31
30
-50
27
76
25
20
34
83
97
-52
22
45
-6
160
61
-41
59
52
56
-93
102
-87
77
-57
33
68
59
12
-46
3
-38
-90
-44
45
43
-15
14
37
22
25
135
-127
30
27
50
-25
63
20
61
68
89
6
89
24
-76
1
-20
-94
-15
-27
53
30
63
27
1
5
27
80
58
-71
17
-3
44
-8
78
-1
-78
94
36
44
-32
60
-124
76
10
-87
-64
22
23
-50
-17
94
-18
12
58
64
18
-87
-89
36
-34
44
-73
38
48
33
-51
-11
37
-85
-32
-55
70
114
53
-35
24
-3
-41
31
17
-58
-31
-7
49
-65
-26
-19
69
116
96
65
30
14
-80
-15
9
24
-50
-30
43
-61
-37
26
102
-53
48
-38
-9
-26
86
62
-116
-12
43
-83
-2
-16
40
-42
15
-21
-75
-13
-17
-7
-8
-85
76
89
2
-34
23
-14
14
-95
111
30
53
106
-114
-35
21
42
-23
28
-64
-1
-8
67
-22
-44
-44
27
-35
106
44
29
1
29
91
-124
88
-13
10
63
45
-87
-80
44
-45
-88
-12
-14
-60
-57
27
-105
89
50
-7
9
-44
-53
32
64
87
2
47
127
146
-12
144
0
-32
44
7
80
50
-83
-172
42
-51
64
105
-49
70
20
-25
104
-21
84
105
-115
187
91
73
-36
-5
-72
-66
-44
45
121
91
-19
-121
24
-34
-97
37
45
61
-6
-15
-2
0
23
111
17
49
135
-10
54
28
-41
-142
-133
-11
-27
-14
-75
24
22
-33
55
-89
-53
-5
-68
84
100
24
-74
50
-143
-22
202
36
-59
63
-7
72
-12
91
71
23
-8
25
-1
5
52
-38
-38
10
-34
-79
62
-6
-84
-14
1
-130
-71
-99
77
1
77
44
39
-31
27
-70
-33
-30
22
-98
-73
22
98
32
-17
7
15
127
6
66
5
-38
29
73
-90
-55
-2
38
-45
-29
47
-70
73
62
-29
50
88
29
62
18
11
6
-50
-35
8
69
-26
99
-39
49
-69
-42
-18
23
122
17
-15
41
-62
4
37
-8
0
21
35
111
130
52
-72
32
-24
-53
52
39
-2
-13
-43
-100
-88
-60
-15
21
24
-64
52
36
97
-21
10
-22
53
75
40
176
0
36
-108
-23
-103
4
-69
-30
-44
1
67
103
36
-24
21
-36
-47
-74
-104
6
50
22
10
11
-24
123
-3
-75
-8
-24
3
-13
-41
-94
-17
-83
4
64
152
41
35
73
36
88
-1
18
-29
-36
-26
59
14
-100
120
49
-83
-13
22
-36
4
30
72
-74
-52
-29
20
91
126
54
59
1
4
-38
40
84
88
-7
23
48
-23
24
31
41
-27
91
68
-133
-56
-10
-111
104
24
49
-58
22
112
54
58
46
6
-57
139
-71
37
33
134
-9
98
-20
23
55
-47
47
116
15
166
-31
177
9
26
-45
-107
-9
45
60
-90
-105
-16
13
155
-9
21
67
-22
-57
-86
80
39
109
-17
71
133
46
11
-87
84
51
-37
42
138
31
24
87
9
-70
-23
55
-45
92
25
17
33
6
-25
38
88
108
-32
58
-52
88
11
23
113
-115
17
-55
-83
48
-14
-14
15
-16
-24
63
-39
-6
40
-38
10
48
19
165
-68
71
57
-40
-25
14
9
5
-84
112
-18
16
27
65
41
25
-74
68
106
-76
-82
6
15
-41
-24
8
-65
54
14
19
106
-37
103
73
0
29
95
30
39
34
6
89
69
113
-15
44
54
23
89
48
-56
-17
-34
31
-20
-116
-30
97
-10
172
-88
-22
43
100
-17
-20
84
12
55
84
28
75
56
-69
-21
43
-107
-36
-137
-30
3
28
-25
-174
103
-14
96
-71
64
43
-18
156
131
58
12
42
51
-25
-6
101
70
28
-39
-19
62
32
5
55
-98
83
6
-14
47
49
71
66
84
-5
-32
-26
-6
85
-83
-13
27
60
-49
4
18
14
32
4
-32
-13
11
92
35
14
28
38
117
26
101
29
58
45
117
-46
-45
33
65
19
-2
99
-27
59
126
34
-42
156
-40
27
59
84
6
49
-96
14
-36
-91
76
98
24
-56
155
-14
65
2
89
29
-19
15
4
95
52
32
-26
-41
49
98
-39
-67
113
16
-38
-65
84
102
117
48
15
138
86
-95
9
158
-30
26
-12
89
-29
14
-34
-1
75
18
9
-46
-79
32
39
29
-103
51
24
84
18
21
-26
-52
-8
97
118
-70
33
9
17
59
-51
-50
27
27
-5
-3
64
-29
-1
53
28
103
7
8
-13
-23
66
-69
-8
-146
57
46
67
-51
6
15
-96
-97
-30
91
138
20
-92
27
34
4
21
-100
-80
59
-4
-88
-9
-38
51
7
29
40
-52
16
3
51
123
30
4
12
-27
-94
39
-17
33
13
-19
25
53
19
18
-50
88
82
-145
-115
33
-42
-64
168
-44
-63
28
-34
-59
-75
-26
41
-80
5
9
-11
69
49
185
-65
19
57
-25
42
110
58
63
-3
28
-21
1
4
70
36
8
-13
-5
-60
55
80
-51
112
-20
20
31
-5
1
-60
9
47
122
15
106
-13
-68
-33
-24
47
-70
3
-56
-155
25
-41
78
-8
79
73
138
-29
-59
67
-14
-13
39
37
33
76
61
-61
34
-25
-49
17
14
-22
42
51
42
-21
-69
-27
-24
15
51
138
10
5
-5
-42
35
2
42
63
-65
62
-38
-35
-35
-9
-81
60
-27
68
128
28
-14
45
-58
14
11
0
-31
-49
7
53
-7
-75
38
75
-53
-161
70
15
-102
-27
80
-25
-6
10
8
-20
-59
53
54
62
156
17
12
68
10
95
115
63
78
34
21
-32
11
-56
124
0
-34
-49
64
37
63
74
4
103
20
58
-93
20
-19
-34
-118
-99
7
5
-61
-35
67
-1
6
64
97
-57
119
19
-7
109
50
-11
-6
-29
-44
53
10
-159
1
45
55
0
-25
32
-23
45
-107
41
106
54
43
-39
-22
88
-19
-95
-46
65
12
35
46
125
53
-129
93
93
-17
-28
71
-19
-14
94
27
123
-38
-24
113
-29
-75
-35
19
33
21
-26
-50
81
153
146
148
-6
40
3
10
-16
-2
69
38
-72
26
169
7
38
-115
-38
-17
22
63
-86
-9
-32
-35
32
96
38
50
77
69
-69
9
18
154
64
15
32
-114
-130
-12
87
43
-1
8
126
88
-11
-10
15
36
-63
-154
-22
143
-26
96
82
55
3
8
-50
-52
48
62
134
-26
45
102
139
-35
-82
-3
40
-9
59
-75
79
69
40
85
46
37
-75
-45
-77
-79
16
-4
-9
48
12
9
37
-21
-53
7
-20
108
-4
-48
1
111
103
-53
16
25
145
29
129
3
-6
97
6
-12
-37
-5
-15
95
-41
20
7
-169
70
63
-14
-147
-48
43
56
-24
79
-8
10
-74
107
18
-99
-157
26
17
30
-17
10
-2
13
66
31
-38
-27
96
-115
12
9
-23
-60
16
39
116
-18
-46
10
48
-84
52
68
6
8
28
-29
7
56
-9
-57
98
35
78
44
-45
112
9
-36
-40
4
48
33
-27
-15
77
-32
-11
119
-88
27
-30
22
88
38
87
-47
82
-14
-26
120
-48
-14
15
26
28
57
34
-10
-12
-8
-93
7
23
140
44
59
-55
-25
-103
65
-23
-26
12
26
55
0
36
62
14
-94
53
12
-1
-39
69
-97
7
63
-17
-104
-14
-56
115
-33
-3
45
20
-20
82
3
44
8
-69
-55
19
-78
50
32
46
14
75
-30
39
85
12
52
-31
7
-83
-54
-3
-91
-92
3
-8
-72
54
-14
61
211
48
87
-34
72
-27
35
64
-4
2
71
115
69
-15
-10
-41
-36
98
76
-3
95
48
143
-68
80
-61
-24
81
24
55
-41
122
8
165
-31
-85
-27
33
86
-26
145
9
54
-28
97
-60
51
54
41
112
-31
215
-14
82
28
-19
-10
57
-10
136
33
-29
7
35
6
57
2
48
105
8
29
129
-29
29
106
-48
-59
-79
-48
8
-117
-100
-83
-4
82
8
-22
6
145
23
21
27
-82
-132
-112
83
-12
-28
-3
21
64
-64
18
58
-54
-111
25
19
166
7
9
-21
82
17
112
37
74
2
21
-17
-27
-106
-76
26
-12
-49
