23
13
40
60
19
13
25
43
13
6
28
29
40
18
27
21
28
61
18
3
39
12
31
17
41
41
26
-11
33
62
50
-2
28
16
10
5
36
21
31
23
21
37
45
72
3
10
51
22
2
36
61
44
69
40
67
23
7
26
54
8
43
18
41
8
32
-10
20
39
24
55
17
-17
5
51
28
38
49
-12
17
16
10
26
60
29
55
16
30
14
42
25
40
43
28
48
76
40
30
48
31
8
40
30
24
56
67
20
32
14
44
-17
50
34
35
54
25
27
5
-3
16
36
19
3
51
16
30
30
25
38
25
-3
9
35
5
23
11
7
10
22
33
28
51
25
0
30
31
36
40
56
19
35
30
18
73
25
2
65
37
8
42
55
12
33
27
7
54
30
41
16
17
36
32
67
24
74
60
-9
-4
19
26
30
47
16
16
26
30
36
51
42
-5
44
46
43
56
37
17
27
-19
39
32
