300.00
39.45
20.00
46.66
60.00
82.19
76.73
655.27
744.30
194.77
299.38
8.39
81.59
201.67
166.28
890.26
193.34
29.61
998.25
305.38
868.16
62.48
549.29
49.78
187.00
466.13
225.33
61.37
72.62
870.27
492.56
292.01
915.99
8.26
16.88
760.15
737.95
215.27
767.49
66.90
136.79
816.07
724.15
140.74
427.52
223.50
693.05
206.11
719.75
79.34
876.89
629.57
617.03
4.35
18.34
622.14
299.34
13.83
75.06
255.44
671.61
938.28
5.94
620.04
554.91
20.95
808.07
806.94
85.75
363.20
225.65
899.84
753.90
842.86
487.15
36.03
77.95
465.21
909.07
655.83
201.77
56.17
379.30
565.07
834.41
74.74
14.79
151.09
361.01
891.06
927.02
19.57
205.62
431.33
662.06
846.42
62.34
728.30
163.90
299.74
268.30
320.45
16.94
427.60
748.82
808.73
785.27
693.77
726.50
1.93
524.88
500.25
634.37
243.15
894.52
23.18
630.92
902.29
678.90
805.10
12.87
316.38
94.51
403.15
236.71
989.24
247.83
300.54
881.27
19.16
184.84
91.04
629.59
459.53
978.73
727.47
36.14
254.55
40.32
625.84
988.93
422.42
215.90
532.67
743.68
24.18
460.95
96.42
943.40
609.53
194.08
811.37
916.45
146.51
804.42
25.09
996.36
512.11
334.54
15.98
353.17
534.26
356.87
63.83
150.63
975.74
14.24
569.02
398.57
15.83
89.01
40.53
77.97
1.91
35.59
4.51
252.73
352.04
466.99
180.66
192.41
68.06
162.96
98.29
48.33
217.45
897.60
471.45
979.59
610.71
30.40
24.83
323.04
569.21
338.06
214.51
794.67
30.50
733.70
573.83
621.34
39.19
276.12
622.51
35.85
170.96
410.81
745.56
53.21
5.03
224.80
608.47
847.03
215.20
614.64
112.42
95.08
9.54
47.19
34.81
469.42
143.55
529.61
22.54
01.15
72.53
27.43
197.73
32.11
934.88
692.94
497.28
62.09
864.37
840.52
716.17
381.68
276.63
54.02
345.39
736.40
572.03
74.96
93.17
9.22
5.13
468.03