 83.8
 58.5
 94.8
  6.1
 58.5
 28.5
 82.8
 19.1
 44.3
 39.3
 82.7
 67.7
 20.8
 31.8
 13.4
 67.1
 57.1
 17.0
 14.8
 47.6
 90.8
 55.2
  3.3
  5.4
 80.5
 45.1
 38.3
 79.0
 36.4
 53.2
 71.2
 87.1
 32.9
 65.0
 97.5
  7.6
 58.7
 41.4
 30.9
 26.4
 75.9
 99.5
 18.7
 78.1
 19.6
 99.2
 80.2
 42.4
 72.9
 49.8
 80.9
 35.7
  7.3
 59.1
 91.0
 19.4
 43.2
 74.9
  3.9
 94.6
 76.4
 55.9
 18.4
 49.8
 51.8
 99.4
 85.5
 96.2
 67.9
 40.4
 93.5
 47.9
 23.2
 39.6
 70.5
 55.9
 75.7
 99.5
 96.2
 53.5
 96.4
 11.6
  5.1
 30.4
 58.0
 53.1
 90.1
 54.1
 43.2
 54.3
 71.2
  1.7
 80.1
 14.3
 47.8
 25.7
 36.9
 66.2
 17.0
 27.9
 19.8
 19.5
 32.7
 88.0
 47.1
 40.4
 17.9
 96.9
 40.7
 84.4
 61.5
 37.7
 87.7
 78.5
 46.5
 81.4
 89.8
 42.9
 33.4
 59.7
 90.2
 70.2
 37.7
 73.5
 95.4
 54.3
 54.0
 31.1
  7.1
 18.2
  9.3
 46.3
  0.9
 91.5
 64.3
  0.1
  3.0
 20.8
 45.5
 12.7
  0.9
 72.7
 35.4
 78.0
 43.7
 43.7
  4.9
  5.0
  9.1
 59.4
 24.1
 84.1
 85.7
 96.4
 48.9
 22.0
 22.6
 53.7
 76.2
 34.8
 46.1
 63.9
 91.7
 16.2
 71.6
 57.8
 43.3
 88.4
 39.3
 17.9
 63.3
 62.4
 32.8
 80.3
 99.9
 98.1
 12.7
 23.2
  2.4
 60.7
 11.1
 40.7
 88.4
 54.8
 36.9
 20.8
 44.1
 95.6
 12.4
 47.1
 85.7
  4.3
 69.2
 97.9
 28.3
 13.4
 68.5
 90.9
 61.1
 90.0
 19.3
 75.4
 34.6
 41.9
 15.6
 81.9
 62.5
 73.9
 80.5
  6.7
 95.1
 49.8
 75.5
 74.2
 83.1
 15.7
 45.7
 61.8
 93.2
 83.5
 89.5
 58.3
 58.3
 85.5
  3.5
 88.5
 40.8
  3.6
 74.6
 15.5
 14.4
 60.6
 25.4
 32.4
 40.2
 40.6
 38.6
 61.0
 16.7
 18.8
  9.5
 32.3
 77.0
 23.4
 74.0
 69.3
 82.4
 82.8
 29.3
 30.9
 52.3
 32.5
 83.2
 81.0
 55.7
 26.3
 68.1
 23.4
 45.6
 38.5
 53.9
 99.2
 75.5
 98.0
 23.5
 52.9
  5.1
 75.7
 60.4
 85.7
 98.8
 92.9
 41.0
  0.0
 54.1
 20.8
 21.9
 32.6
  9.6
 74.8
 74.9
 54.3
 33.8
 83.2
 55.3
 95.8
 89.3
 35.7
 54.6
 34.7
 62.3
 79.7
 74.6
 12.6
 82.2
  2.5
 41.4
 73.1
 78.1
 36.7
 74.5
 89.2
 24.3
 13.0
 22.5
 35.0
 28.7
 92.7
  5.1
 59.3
 16.3
 83.8
 16.8
 50.2
 99.9
 35.5
  4.7
 21.4
 39.8
 33.4
 23.0
 93.6
 68.3
 96.2
 43.8
 94.0
  0.6
 61.0
 80.1
 23.3
 93.2
 76.3
 82.6
 57.3
 79.3
 32.9
 22.3
 31.2
 58.5
 83.0
 29.0
 40.3
 86.2
 61.5
 99.1
 20.4
 82.7
 67.6
 24.9
 47.6
 39.9
 59.9
 80.1
 10.5
 82.1
 84.1
 35.5
 43.0
 57.2
 70.1
 74.2
 75.8
 38.9
 42.9
 95.6
 57.3
 85.0
 27.6
 62.2
 58.8
 96.3
  8.6
 50.0
 52.2
  9.0
 90.5
 88.4
 43.9
 78.2
 14.8
 60.2
 16.1
 44.6
 84.4
 19.6
  1.4
 48.3
 33.8
 79.8
 98.7
 65.9
 53.7
 70.2
 37.5
 97.4
 97.2
 64.4
 86.0
 40.2
 63.2
 98.5
 55.9
 93.4
 72.0
 48.4
 63.9
 88.8
 79.9
  9.5
 99.2
 60.3
 65.9
 90.1
 99.5
 65.3
 10.8
  3.6
 61.8
 56.7
 96.2
 74.6
 66.3
 52.3
 26.0
 96.2
 54.0
  3.0
 69.6
 52.0
  5.9
 89.0
 33.0
 23.0
 11.4
 31.1
 22.8
 65.2
  6.6
 27.5
 28.2
 88.0
 44.4
 75.6
 63.2
 78.3
 11.4
 97.9
 84.9
  5.1
 46.6
 32.6
 63.0
 23.0
 58.0
 61.3
 60.0
 44.8
  3.5
 51.4
 40.8
 10.8
 46.0
 45.1
 55.1
 80.5
 70.1
 87.2
  5.2
 22.0
 46.0
 95.9
 79.0
 45.2
 33.3
  5.9
 74.1
 50.7
 20.0
 42.7
 16.9
 75.2
 36.8
 94.2
  1.7
 82.9
 62.7
 53.9
 65.1
 72.7
  9.4
 87.8
  1.4
 29.4
 18.0
 92.6
  6.8
 58.1
 63.7
 65.1
 86.5
  5.6
 81.7
 52.9
 69.4
 21.2
 54.3
 70.3
 95.6
 44.5
  8.5
  5.7
 62.9
 79.6
 69.1
 34.5
 94.7
 52.0
 95.4
  7.4
 20.7
 77.5
 91.4
 78.3
 29.6
 15.2
 84.8
 78.5
 27.1
 22.8
 32.1
 83.0
 82.2
 57.1
 57.2
 28.6
 69.9
 79.6
 44.2
 44.6
 46.6
 27.9
 67.5
 90.4
 90.9
 74.7
 26.1
 69.0
 13.2
 12.4
 19.1
 14.6
 58.5
  7.3
 82.2
 72.3
 92.6
 49.3
 65.5
 89.0
 53.9
 28.2
 97.6
  3.6
 32.6
 97.3
 36.5
 30.9
 12.1
 91.6
 13.5
 33.2
 89.7
 50.0
 61.5
 58.3
 69.8
  2.9
 52.8
  3.2
 82.7
 34.0
 84.7
 24.6
 58.1
 93.8
  4.8
  5.4
  2.1
 68.1
 59.9
 11.4
 79.6
 61.8
  7.0
  6.9
 13.6
 78.9
  9.2
 23.8
 24.4
 10.5
 85.8
 69.8
 73.4
 65.1
 51.6
 32.6
 66.2
 11.8
 14.8
  2.0
 96.4
 97.0
 12.4
 46.7
 65.7
 29.0
 75.5
 55.8
 42.8
 26.7
 75.4
 89.8
 72.8
 40.7
 93.8
 25.5
 53.3
 95.5
 26.8
 25.0
 92.8
  6.9
 29.9
 59.2
 20.3
 63.6
 79.8
 50.2
 65.1
 79.6
 23.3
 60.1
 11.2
 51.6
 83.8
 92.1
 49.8
 27.8
 65.3
 91.7
 51.0
 97.4
 19.7
 11.1
 29.7
 39.6
 42.1
 31.1
 69.4
  9.2
 40.2
 29.5
 30.6
 10.6
 59.4
 28.3
 15.5
  0.1
 28.4
 55.1
 87.1
  4.2
 90.5
 13.1
 83.4
 80.0
 91.8
 13.7
 50.5
 40.5
 17.4
 57.5
 60.6
 21.4
 52.0
 98.9
 49.0
 69.5
 41.1
  3.5
 29.3
 80.1
 34.7
  8.3
 51.1
 36.7
 73.9
 52.5
 80.5
 81.7
 18.9
 12.4
 82.1
 63.8
  1.6
 89.6
 51.5
 54.5
 60.6
 76.0
 85.5
 38.3
  8.5
 73.4
 33.2
 84.0
 37.2
 82.8
 17.7
 13.0
 88.0
  4.4
 68.7
 73.4
 43.7
 38.0
 98.0
 39.9
 44.0
 15.7
 32.6
 31.4
 89.5
 24.7
 31.1
 40.9
 70.8
 14.4
 87.1
  8.3
 46.2
  3.0
 75.3
 70.0
 21.5
 68.0
 55.7
 85.1
 55.9
 90.2
 42.0
 35.8
 48.9
 25.6
 92.9
 46.7
 25.4
 43.1
 70.3
 40.2
 18.2
 85.6
 58.4
 37.4
 22.2
 21.9
 52.2
 43.3
 74.1
  7.0
 84.7
 68.0
 13.7
 85.8
 20.0
 60.7
 54.3
 16.2
  0.6
 77.1
 76.5
 42.1
  5.7
 58.6
 17.4
 72.9
 53.4
 25.3
 91.7
 75.8
 88.7
  6.9
 18.4
 73.7
 69.7
 77.7
 50.2
 42.5
 61.1
 85.6
 67.1
 52.4
 29.9
 70.4
 38.2
 56.8
 88.8
 84.3
 89.9
 93.9
 81.5
  0.1
  0.3
  8.7
 26.1
  2.3
 42.4
 34.1
 54.1
 92.6
 29.8
 33.8
 85.9
 34.0
 13.8
 50.8
 85.7
 38.4
 69.6
 62.8
 45.0
 47.4
 95.0
  8.3
 28.0
 44.7
 58.8
 87.8
 46.9
 43.7
 74.6
 46.8
 86.1
 46.7
 49.8
 48.7
 22.9
  8.6
  6.7
 88.8
 23.3
 86.2
 71.2
 87.3
 93.8
 14.0
 39.4
 98.1
 64.5
 89.6
 48.2
  1.4
 62.3
 23.1
 52.7
 72.5
 60.7
 58.8
 43.3
 24.4
 42.9
  1.0
 60.9
 95.8
  9.5
  3.6