0
-9
4
2
8
-10
12
3
-6
-2
12
-9
-18
2
-3
22
0
-22
-17
4
-17
0
-16
-25
-11
-9
1
10
6
-5
-11
2
8
-5
-22
-12
11
-10
-1
15
5
11
-6
14
0
-5
11
2
4
-4
-12
3
11
5
-11
10
8
0
-5
-10
7
-4
1
-8
10
6
-10
4
-3
16
-4
2
7
14
0
-6
13
-3
8
3
2
0
0
-3
12
10
2
1
-4
-18
-16
13
-10
-18
-1
-1
1
-5
-21
-8
14
16
8
23
7
6
-7
-10
-3
3
-11
5
-1
-22
-10
-6
-8
3
-4
14
5
1
-10
-17
-12
-11
-16
12
15
3
6
10
-7
-10
18
0
-4
-3
9
2
-7
-29
-5
0
-5
14
-4
1
2
1
1
-9
-1
5
-5
12
-4
3
5
10
-6
-2
17
12
5
5
-3
6
-10
-3
9
5
-4
-21
-19
8
12
3
-3
-4
-8
2
-6
2
10
-2
6
-15
-2
14
11
2
8
-4
-7
-18
6
2
8
7
30
13
4
8
7
-4